heartbeat: 2025-09-28T16:00:21.683638Z
heartbeat: 2025-09-28T16:00:26.881280Z
heartbeat: 2025-09-28T16:00:39.922372Z
